{
    "_versionMajor": 0,
    "_versionMinor": 2,
    "boundsCenter": {
        "x": 0,
        "y": 0,
        "z": 2.06329870223999
    },
    "boundsSize": {
        "x": 4.96405124664307,
        "y": 2.79307413101196,
        "z": 1.37948596477509
    },
    "clipEpsilon": 0.00362453842535615,
    "crop": {
        "w": 1.0,
        "x": 0.0,
        "y": 0.0,
        "z": 1.0
    },
    "depthFocalLength": {
        "x": 1064.82385253906,
        "y": 1064.52062988281
    },
    "depthImageSize": {
        "x": 1920.0,
        "y": 1080.0
    },
    "depthPrincipalPoint": {
        "x": 985.445922851563,
        "y": 530.828857421875
    },
    "extrinsics": {
        "e00": 1,
        "e01": 0,
        "e02": 0,
        "e03": 0,
        "e10": 0,
        "e11": 1,
        "e12": 0,
        "e13": 0,
        "e20": 0,
        "e21": 0,
        "e22": 1,
        "e23": 0,
        "e30": 0,
        "e31": 0,
        "e32": 0,
        "e33": 1
    },
    "farClip": 2.75304174423218,
    "format": "perpixel",
    "nearClip": 1.37355577945709,
    "numAngles": 1,
    "textureHeight": 1072,
    "textureWidth": 1920
}
